5089600200000 0.065450 0.011706 -0.040441 9.534501 -1.613420 -0.914431
5089605200000 0.070239 0.012239 -0.040973 9.536895 -1.541607 -0.981458
5089610200000 0.073964 0.015431 -0.038844 9.551258 -1.522456 -0.988639
5089615200000 0.077156 0.020220 -0.033523 9.498594 -1.498518 -0.983851
5089620200000 0.079285 0.027138 -0.025541 9.493807 -1.532031 -1.019758
5089625200000 0.080881 0.035652 -0.014899 9.467475 -1.534425 -0.986245
5089630200000 0.081413 0.045230 -0.004257 9.462687 -1.613420 -0.900068
5089635200000 0.081413 0.054808 0.007450 9.366935 -1.730717 -0.876130
5089640200000 0.081413 0.063853 0.018092 9.371723 -1.812106 -0.873737
5089645200000 0.080881 0.071303 0.026606 9.378904 -1.895889 -0.835436
