3598350200000 0.026073 0.033523 0.001596 9.173038 -2.075424 -2.305228
3598355200000 0.026606 0.033523 0.001064 9.161068 -2.099362 -2.298047
3598360200000 0.026073 0.033523 0.001064 9.187400 -2.108937 -2.300441
3598365200000 0.026606 0.033523 0.001064 9.158674 -2.142450 -2.319591
3598370200000 0.026606 0.033523 0.001064 9.175431 -2.092180 -2.310016
3598375200000 0.026073 0.034055 0.000532 9.192188 -2.080211 -2.302835
3598380200000 0.026606 0.034055 0.000532 9.175431 -2.111331 -2.274109
3598385200000 0.026073 0.034055 0.000532 9.173038 -2.089787 -2.298047
3598390200000 0.026073 0.034055 0.000000 9.175431 -2.077817 -2.278897
3598395200000 0.026073 0.034587 0.000000 9.189794 -2.065848 -2.274109
