1434100200000 0.023945 0.034055 -0.000532 9.757124 0.191504 0.263318
1434105200000 0.023945 0.034055 -0.000532 9.733187 0.222623 0.248955
1434110200000 0.024477 0.034055 0.000000 9.721217 0.201079 0.244167
1434115200000 0.023945 0.033523 0.000532 9.747549 0.208261 0.253743
1434120200000 0.023945 0.032991 0.001064 9.757124 0.193898 0.251349
1434125200000 0.023945 0.032459 0.001596 9.714036 0.177141 0.210654
1434130200000 0.023945 0.032459 0.002128 9.759518 0.165172 0.248955
1434135200000 0.023945 0.032459 0.002128 9.757124 0.174747 0.244167
1434140200000 0.023945 0.031927 0.002128 9.761912 0.191504 0.220230
1434145200000 0.024477 0.031927 0.002661 9.718823 0.150809 0.213048
