4712050200000 0.026073 0.033523 0.001064 9.398054 2.661904 0.500304
4712055200000 0.026073 0.033523 0.001064 9.354966 2.688236 0.483547
4712060200000 0.026073 0.033523 0.001064 9.398054 2.681055 0.481154
4712065200000 0.026073 0.034055 0.001064 9.364541 2.673873 0.478760
4712070200000 0.026073 0.034055 0.001596 9.393267 2.683449 0.517061
4712075200000 0.026073 0.033523 0.001596 9.357360 2.659511 0.509879
4712080200000 0.026073 0.033523 0.001064 9.369328 2.681055 0.507485
4712085200000 0.026073 0.032991 0.001064 9.376511 2.681055 0.490729
4712090200000 0.026073 0.033523 0.001064 9.364541 2.654723 0.514667
4712095200000 0.026073 0.033523 0.001064 9.342998 2.652329 0.495516
