2137950200000 0.023945 0.032991 0.001064 9.737974 0.359070 0.102933
2137955200000 0.023945 0.032991 0.001064 9.733187 0.337526 0.112509
2137960200000 0.023945 0.032991 0.001596 9.761912 0.342313 0.117296
2137965200000 0.023945 0.032991 0.001596 9.726005 0.335132 0.107721
2137970200000 0.023945 0.032991 0.002128 9.704461 0.308800 0.126871
2137975200000 0.023945 0.032991 0.002128 9.757124 0.335132 0.095752
2137980200000 0.023945 0.032991 0.002128 9.776275 0.323163 0.110115
2137985200000 0.024477 0.032991 0.002128 9.737974 0.306406 0.083783
2137990200000 0.023945 0.032991 0.001596 9.745155 0.320769 0.090964
2137995200000 0.023945 0.032991 0.001596 9.769094 0.320769 0.110115
