2962200200000 0.026073 0.032991 0.000532 9.287940 2.965917 0.852192
2962205200000 0.025541 0.032991 0.001064 9.237670 2.980280 0.845011
2962210200000 0.026073 0.033523 0.001064 9.302302 2.973098 0.845011
2962215200000 0.026073 0.032991 0.001064 9.247245 2.930010 0.866555
2962220200000 0.026073 0.033523 0.000532 9.273577 2.944373 0.880918
2962225200000 0.026073 0.032991 0.000532 9.244851 2.946766 0.813892
2962230200000 0.026073 0.032991 0.001064 9.321453 2.927616 0.842617
2962235200000 0.026073 0.032991 0.001064 9.287940 2.951554 0.845011
2962240200000 0.026073 0.032991 0.000532 9.247245 2.956342 0.866555
2962245200000 0.026073 0.032991 0.001064 9.247245 3.006611 0.823467
