2411550200000 0.026606 0.033523 0.001064 9.761912 0.129265 -0.157991
2411555200000 0.026606 0.034055 0.001064 9.718823 0.150809 -0.155597
2411560200000 0.026073 0.034055 0.001064 9.714036 0.165172 -0.143628
2411565200000 0.026606 0.034055 0.001596 9.716430 0.160385 -0.155597
2411570200000 0.026073 0.034055 0.001596 9.754730 0.134053 -0.153203
2411575200000 0.026606 0.034055 0.001064 9.769094 0.143628 -0.146022
2411580200000 0.026073 0.034055 0.001064 9.754730 0.160385 -0.162778
2411585200000 0.026606 0.034055 0.001064 9.745155 0.157991 -0.162778
2411590200000 0.026606 0.034055 0.001064 9.740368 0.172354 -0.150809
2411595200000 0.026606 0.034055 0.001064 9.723611 0.150809 -0.157991
