2622800200000 0.026073 0.033523 0.001596 9.685310 -0.339919 -0.742078
2622805200000 0.026606 0.033523 0.001596 9.673342 -0.342313 -0.730109
2622810200000 0.026073 0.033523 0.001596 9.661372 -0.320769 -0.727715
2622815200000 0.026073 0.034055 0.001596 9.690098 -0.330344 -0.749259
2622820200000 0.026073 0.034055 0.001596 9.658978 -0.330344 -0.744471
2622825200000 0.026606 0.034055 0.001596 9.687704 -0.306406 -0.718140
2622830200000 0.026606 0.034055 0.001596 9.690098 -0.335132 -0.746865
2622835200000 0.026073 0.034055 0.001596 9.699673 -0.325557 -0.718140
2622840200000 0.026073 0.034055 0.001596 9.647010 -0.325557 -0.739684
2622845200000 0.026073 0.034055 0.001596 9.711642 -0.311194 -0.720533
