1596850200000 0.023945 0.032991 0.001596 9.740368 0.239380 0.172354
1596855200000 0.023945 0.032991 0.001596 9.761912 0.277681 0.174747
1596860200000 0.023945 0.032991 0.001596 9.752337 0.239380 0.189110
1596865200000 0.023945 0.032991 0.001596 9.718823 0.263318 0.165172
1596870200000 0.023945 0.032991 0.001596 9.761912 0.282468 0.165172
1596875200000 0.023945 0.033523 0.001596 9.754730 0.253743 0.186716
1596880200000 0.023945 0.032991 0.001596 9.745155 0.251349 0.174747
1596885200000 0.023945 0.032991 0.001596 9.749943 0.260924 0.177141
1596890200000 0.023945 0.032991 0.001064 9.747549 0.229805 0.169960
1596895200000 0.023413 0.032991 0.001596 9.737974 0.272893 0.181929
