1573200200000 0.023945 0.032991 0.002128 9.709249 0.153203 0.107721
1573205200000 0.024477 0.032991 0.002128 9.726005 0.146022 0.114902
1573210200000 0.024477 0.032991 0.002128 9.728398 0.181929 0.107721
1573215200000 0.023945 0.033523 0.002128 9.783456 0.201079 0.141234
1573220200000 0.023945 0.032991 0.002128 9.728398 0.136447 0.124478
1573225200000 0.023945 0.033523 0.001596 9.747549 0.215442 0.078995
1573230200000 0.023945 0.033523 0.001596 9.747549 0.155597 0.110115
1573235200000 0.023945 0.033523 0.001596 9.771487 0.153203 0.129265
1573240200000 0.023945 0.032991 0.001596 9.759518 0.172354 0.105327
1573245200000 0.023945 0.032991 0.001596 9.759518 0.177141 0.119690
