4909750200000 0.010642 0.064386 -0.053211 9.532107 0.746865 -1.110723
4909755200000 0.011706 0.064386 -0.051083 9.522532 0.744471 -1.091572
4909760200000 0.013303 0.063321 -0.048422 9.532107 0.703777 -1.072422
4909765200000 0.015431 0.062789 -0.045762 9.546470 0.682233 -1.017365
4909770200000 0.018092 0.060129 -0.043633 9.584771 0.672657 -1.026940
4909775200000 0.020752 0.056936 -0.041505 9.594346 0.643932 -1.036515
4909780200000 0.023945 0.053211 -0.039908 9.656585 0.653507 -1.079603
4909785200000 0.027670 0.050551 -0.038312 9.714036 0.646326 -1.091572
4909790200000 0.030863 0.047890 -0.037248 9.752337 0.648719 -1.117904
4909795200000 0.033523 0.046826 -0.036716 9.809788 0.701383 -1.146630
