4054250200000 0.025541 0.034055 0.001064 7.787028 -0.165172 -5.589520
4054255200000 0.025009 0.034587 0.000532 7.815753 -0.246561 -5.539251
4054260200000 0.025541 0.034055 0.001064 7.789422 -0.241774 -5.551219
4054265200000 0.025541 0.034055 0.001064 7.751121 -0.260924 -5.512919
4054270200000 0.026073 0.034587 0.001596 7.739152 -0.229805 -5.472224
4054275200000 0.026073 0.035119 0.002128 7.789422 -0.275287 -5.493769
4054280200000 0.026606 0.035119 0.002128 7.791815 -0.301619 -5.539251
4054285200000 0.026606 0.035119 0.002128 7.794209 -0.612813 -5.539251
4054290200000 0.026073 0.035119 0.001596 7.839692 -0.287256 -5.522494
4054295200000 0.026073 0.035119 0.001596 7.820541 -0.268105 -5.534463
