2744650200000 0.027138 0.034587 -0.000532 0.038301 -9.965384 0.418915
2744655200000 0.026606 0.034055 -0.000532 0.064633 -9.984535 0.445247
2744660200000 0.026606 0.034055 0.000000 0.014363 -9.857664 0.411733
2744665200000 0.026606 0.034055 0.000000 0.014363 -9.862452 0.457216
2744670200000 0.026073 0.033523 0.000000 0.021544 -9.781062 0.426096
2744675200000 0.026073 0.033523 0.000532 0.007181 -9.776275 0.402158
2744680200000 0.026606 0.033523 0.000532 -0.009575 -9.735580 0.457216
2744685200000 0.026606 0.032991 0.000532 -0.033513 -9.776275 0.359070
2744690200000 0.026606 0.033523 0.000532 -0.043088 -9.814575 0.423702
2744695200000 0.026606 0.032991 0.000532 0.021544 -9.848088 0.440459
