2808600200000 0.025009 0.033523 0.000000 0.622388 6.745725 7.375294
2808605200000 0.025009 0.033523 0.000000 0.634357 6.784026 7.396839
2808610200000 0.025009 0.032991 0.000000 0.631963 6.748119 7.372900
2808615200000 0.025009 0.032991 0.000000 0.631963 6.745725 7.372900
2808620200000 0.025541 0.032991 0.000000 0.648719 6.781632 7.375294
2808625200000 0.025009 0.032991 0.000000 0.663082 6.762482 7.389657
2808630200000 0.025009 0.033523 0.000000 0.665476 6.743331 7.392051
2808635200000 0.024477 0.034055 0.000000 0.658295 6.728969 7.384870
2808640200000 0.024477 0.034055 0.000000 0.615206 6.748119 7.389657
2808645200000 0.024477 0.034055 0.000000 0.643932 6.719394 7.392051
