2633650200000 0.025009 0.033523 0.000532 -9.843301 0.050270 0.967095
2633655200000 0.025009 0.033523 0.000532 -9.824151 0.035907 0.979064
2633660200000 0.025009 0.034055 0.000532 -9.821757 0.067026 0.959913
2633665200000 0.025009 0.034055 0.000532 -9.831332 0.095752 0.938369
2633670200000 0.025009 0.034055 0.000532 -9.876814 0.064633 0.974276
2633675200000 0.025009 0.033523 0.000532 -9.836120 0.062239 0.993427
2633680200000 0.025009 0.033523 0.000532 -9.821757 0.040695 0.976670
2633685200000 0.025009 0.033523 0.000000 -9.828938 0.059845 0.959913
2633690200000 0.025009 0.033523 0.000000 -9.864845 0.052664 0.974276
2633695200000 0.025009 0.033523 0.000000 -9.850483 0.057451 0.995820
