2686300200000 0.029266 0.034055 -0.001064 9.749943 0.100540 0.287256
2686305200000 0.029266 0.034055 -0.001064 9.749943 0.088571 0.258530
2686310200000 0.029266 0.034055 -0.001064 9.728398 0.076602 0.251349
2686315200000 0.029266 0.034055 -0.001064 9.754730 0.083783 0.244167
2686320200000 0.029266 0.034055 -0.001596 9.776275 0.090964 0.241774
2686325200000 0.029266 0.034055 -0.001064 9.761912 0.105327 0.248955
2686330200000 0.029266 0.034587 -0.001064 9.733187 0.071814 0.270499
2686335200000 0.029266 0.034587 -0.001064 9.737974 0.078995 0.258530
2686340200000 0.029266 0.034587 -0.001064 9.745155 0.095752 0.265712
2686345200000 0.029266 0.034587 -0.001596 9.733187 0.038301 0.280074
