3052650200000 0.025541 0.034055 0.001064 9.486625 0.574512 2.501520
3052655200000 0.025541 0.033523 0.001064 9.469869 0.562543 2.508701
3052660200000 0.025541 0.033523 0.001064 9.469869 0.593662 2.525458
3052665200000 0.025541 0.033523 0.001064 9.498594 0.579299 2.518276
3052670200000 0.025541 0.033523 0.001064 9.489018 0.557755 2.506307
3052675200000 0.025541 0.033523 0.001064 9.489018 0.543392 2.523064
3052680200000 0.025541 0.033523 0.001064 9.457899 0.552968 2.506307
3052685200000 0.025541 0.033523 0.001064 9.467475 0.574512 2.520670
3052690200000 0.025541 0.033523 0.001064 9.457899 0.591268 2.520670
3052695200000 0.025541 0.033523 0.001064 9.510563 0.567330 2.508701
