4806300200000 0.026073 0.034587 0.001064 9.747549 0.270499 0.519454
4806305200000 0.025541 0.034587 0.001064 9.749943 0.275287 0.502698
4806310200000 0.025541 0.034587 0.001064 9.745155 0.272893 0.509879
4806315200000 0.025541 0.034055 0.001064 9.702067 0.248955 0.526636
4806320200000 0.025541 0.034055 0.001064 9.745155 0.232198 0.502698
4806325200000 0.025541 0.033523 0.001064 9.769094 0.292043 0.509879
4806330200000 0.026073 0.033523 0.001064 9.754730 0.284862 0.517061
4806335200000 0.026073 0.033523 0.001064 9.766700 0.260924 0.509879
4806340200000 0.026073 0.033523 0.001064 9.752337 0.265712 0.517061
4806345200000 0.026073 0.033523 0.001064 9.766700 0.248955 0.531423
