4860000200000 0.024477 0.027670 0.002128 9.438749 0.658295 3.078425
4860005200000 0.024477 0.029266 0.001596 9.424386 0.701383 3.102363
4860010200000 0.025541 0.031395 0.001064 9.371723 0.696595 3.155027
4860015200000 0.025541 0.032459 0.000532 9.352572 0.682233 3.138270
4860020200000 0.026606 0.033523 0.000000 9.287940 0.713352 3.061669
4860025200000 0.026606 0.035119 -0.000532 9.319059 0.761228 3.088001
4860030200000 0.026606 0.037248 -0.000532 9.316666 0.782772 3.107151
4860035200000 0.027670 0.039376 0.000532 9.237670 0.768409 3.159815
4860040200000 0.027670 0.040973 0.001596 9.163463 0.720533 3.234022
4860045200000 0.028202 0.040973 0.002128 9.091648 0.710958 3.274717
