2868750200000 0.026073 0.033523 0.001064 8.670340 -4.469223 0.586481
2868755200000 0.025541 0.032991 0.001064 8.723003 -4.502736 0.581693
2868760200000 0.026073 0.033523 0.001064 8.665552 -4.481192 0.567330
2868765200000 0.026073 0.033523 0.001064 8.629645 -4.438103 0.596056
2868770200000 0.025541 0.033523 0.001596 8.670340 -4.488373 0.557755
2868775200000 0.025541 0.032991 0.001596 8.691884 -4.560187 0.567330
2868780200000 0.025541 0.033523 0.001596 8.653583 -4.519492 0.567330
2868785200000 0.026073 0.034055 0.001064 8.636827 -4.471616 0.629569
2868790200000 0.026073 0.034055 0.000532 8.667946 -4.469223 0.622388
2868795200000 0.026073 0.033523 0.000532 8.694278 -4.445284 0.598450
