4590550200000 0.026073 0.034055 0.001596 9.749943 0.208261 0.646326
4590555200000 0.026073 0.033523 0.001596 9.726005 0.270499 0.634357
4590560200000 0.026606 0.033523 0.001596 9.721217 0.215442 0.660689
4590565200000 0.026606 0.034055 0.001596 9.764306 0.213048 0.663082
4590570200000 0.026606 0.033523 0.001596 9.745155 0.236986 0.634357
4590575200000 0.026606 0.033523 0.001596 9.728398 0.236986 0.653507
4590580200000 0.026606 0.034055 0.001596 9.723611 0.227411 0.646326
4590585200000 0.026073 0.034055 0.001596 9.726005 0.208261 0.631963
4590590200000 0.026073 0.034055 0.001064 9.747549 0.220230 0.643932
4590595200000 0.026073 0.033523 0.001064 9.764306 0.234592 0.639144
