3963000200000 0.026073 0.032991 0.002128 9.759518 -0.055057 0.469185
3963005200000 0.026073 0.033523 0.001596 9.761912 -0.031119 0.471578
3963010200000 0.026073 0.032991 0.001596 9.740368 -0.028726 0.471578
3963015200000 0.026606 0.033523 0.001596 9.757124 -0.026332 0.478760
3963020200000 0.026606 0.033523 0.001596 9.742762 -0.035907 0.488335
3963025200000 0.026606 0.033523 0.001064 9.733187 -0.035907 0.481154
3963030200000 0.026073 0.033523 0.001064 9.752337 -0.007181 0.478760
3963035200000 0.026073 0.033523 0.001064 9.735580 -0.009575 0.502698
3963040200000 0.026606 0.033523 0.000532 9.726005 0.023938 0.490729
3963045200000 0.026073 0.034055 0.000532 9.747549 0.014363 0.505092
