2256550200000 0.023945 0.033523 0.001596 9.754730 0.289650 0.225017
2256555200000 0.023945 0.033523 0.001596 9.745155 0.284862 0.213048
2256560200000 0.023945 0.033523 0.001064 9.718823 0.287256 0.222623
2256565200000 0.023945 0.033523 0.001064 9.754730 0.284862 0.215442
2256570200000 0.023945 0.032991 0.001596 9.773881 0.287256 0.203473
2256575200000 0.023945 0.032991 0.001596 9.771487 0.258530 0.174747
2256580200000 0.023945 0.032459 0.001596 9.761912 0.232198 0.167566
2256585200000 0.023945 0.032459 0.001596 9.735580 0.284862 0.172354
2256590200000 0.023945 0.032459 0.001064 9.728398 0.287256 0.150809
2256595200000 0.023945 0.032991 0.001064 9.754730 0.325557 0.177141
