4850200200000 0.017560 0.020752 -0.001596 9.716430 0.588875 -0.473972
4850205200000 0.022349 0.021817 -0.001596 9.611103 0.689414 -0.485941
4850210200000 0.026606 0.021284 -0.000532 9.539289 0.751653 -0.490729
4850215200000 0.028734 0.018624 0.001064 9.455505 0.780378 -0.517061
4850220200000 0.029798 0.014899 0.003193 9.426780 0.789954 -0.524242
4850225200000 0.028202 0.009046 0.005853 9.436356 0.744471 -0.552968
4850230200000 0.025541 0.002661 0.007450 9.505775 0.670264 -0.576906
4850235200000 0.022349 -0.004257 0.009046 9.601527 0.574512 -0.608025
4850240200000 0.018624 -0.009578 0.010110 9.687704 0.421309 -0.646326
4850245200000 0.016495 -0.013303 0.009046 9.790638 0.363857 -0.655901
