5271300200000 0.031395 0.039376 0.003193 9.601527 -0.136447 -1.340527
5271305200000 0.034055 0.037248 0.002661 9.582377 -0.134053 -1.347709
5271310200000 0.036184 0.035119 0.002128 9.575195 -0.102933 -1.390797
5271315200000 0.037248 0.033523 0.002128 9.584771 -0.114902 -1.400372
5271320200000 0.037780 0.031927 0.002661 9.548863 -0.136447 -1.419523
5271325200000 0.037780 0.030863 0.003193 9.541682 -0.110115 -1.469792
5271330200000 0.037780 0.029798 0.004257 9.556046 -0.146022 -1.522456
5271335200000 0.036184 0.030330 0.004789 9.568014 -0.088571 -1.517668
5271340200000 0.035119 0.031395 0.005853 9.623072 -0.086177 -1.520062
5271345200000 0.032991 0.033523 0.006385 9.623072 -0.083783 -1.486549
