2695450200000 0.026073 0.032991 0.001064 9.220913 0.287256 3.523672
2695455200000 0.026073 0.032991 0.001064 9.216125 0.282468 3.504522
2695460200000 0.026073 0.032991 0.001064 9.228095 0.282468 3.506915
2695465200000 0.026073 0.032991 0.001064 9.182612 0.287256 3.511703
2695470200000 0.026073 0.032991 0.001064 9.204157 0.263318 3.516491
2695475200000 0.026073 0.032991 0.001064 9.206551 0.313588 3.494946
2695480200000 0.026073 0.032991 0.001064 9.175431 0.275287 3.509309
2695485200000 0.025541 0.032991 0.001064 9.225701 0.253743 3.509309
2695490200000 0.026073 0.032991 0.001064 9.244851 0.275287 3.521278
2695495200000 0.026073 0.032991 0.001064 9.208944 0.265712 3.523672
