2895600200000 0.026073 0.033523 0.000000 2.544608 -4.742115 8.524318
2895605200000 0.026073 0.033523 0.000000 2.544608 -4.761266 8.505168
2895610200000 0.026073 0.034055 0.000532 2.547002 -4.794779 8.493198
2895615200000 0.025541 0.033523 0.000532 2.515883 -4.737328 8.497986
2895620200000 0.025541 0.033523 0.000000 2.539821 -4.761266 8.512349
2895625200000 0.025541 0.032991 0.000000 2.590091 -4.744509 8.543468
2895630200000 0.025541 0.033523 0.000000 2.561365 -4.766054 8.519530
2895635200000 0.025541 0.033523 0.000000 2.532639 -4.773235 8.505168
2895640200000 0.025541 0.033523 0.000000 2.496732 -4.773235 8.529105
2895645200000 0.026073 0.033523 0.000000 2.513489 -4.775629 8.553043
