2778050200000 0.025009 0.036184 0.000000 -0.213048 -0.167566 -9.486625
2778055200000 0.025009 0.036184 0.000000 -0.203473 -0.165172 -9.491413
2778060200000 0.025009 0.036184 0.000000 -0.196292 -0.174747 -9.500988
2778065200000 0.025541 0.036184 0.000000 -0.203473 -0.181929 -9.481837
2778070200000 0.025541 0.036184 0.000000 -0.208261 -0.229805 -9.493807
2778075200000 0.025541 0.036184 0.000000 -0.205867 -0.160385 -9.505775
2778080200000 0.025541 0.035652 0.000000 -0.201079 -0.189110 -9.529714
2778085200000 0.025541 0.035652 0.000000 -0.196292 -0.181929 -9.503382
2778090200000 0.025541 0.035119 0.000000 -0.213048 -0.181929 -9.484231
2778095200000 0.025541 0.035119 0.000000 -0.236986 -0.184323 -9.479444
