2853150200000 0.024477 0.034055 0.001064 5.208906 -5.280720 -6.039555
2853155200000 0.024477 0.034055 0.001064 5.228057 -5.290296 -6.053917
2853160200000 0.023945 0.034055 0.001064 5.256783 -5.266357 -6.029979
2853165200000 0.024477 0.034055 0.000532 5.247207 -5.290296 -6.053917
2853170200000 0.024477 0.034055 0.000532 5.249601 -5.268752 -6.041948
2853175200000 0.024477 0.034055 0.000532 5.235238 -5.302265 -6.065886
2853180200000 0.024477 0.034055 0.000532 5.206512 -5.263964 -6.044342
2853185200000 0.024477 0.034055 0.000532 5.247207 -5.292689 -6.065886
2853190200000 0.024477 0.034055 0.000532 5.223269 -5.297477 -6.051524
2853195200000 0.024477 0.034055 0.000532 5.242420 -5.259176 -6.065886
