2727700200000 0.027670 0.034055 0.003193 -0.043088 9.793032 0.191504
2727705200000 0.028202 0.034587 0.003193 0.019150 9.797819 0.174747
2727710200000 0.028202 0.034587 0.003193 0.007181 9.764306 0.191504
2727715200000 0.028202 0.034587 0.003725 -0.026332 9.773881 0.193898
2727720200000 0.028202 0.034587 0.003725 0.016757 9.793032 0.201079
2727725200000 0.028202 0.034587 0.003725 -0.011969 9.781062 0.186716
2727730200000 0.027670 0.035119 0.003725 0.009575 9.790638 0.213048
2727735200000 0.027670 0.035119 0.004257 0.011969 9.795425 0.177141
2727740200000 0.027670 0.034587 0.003725 0.038301 9.773881 0.201079
2727745200000 0.027670 0.034587 0.003193 -0.004788 9.776275 0.184323
