218550200000 0.023945 0.030863 -0.009578 8.869025 -0.105327 4.153241
218555200000 0.020220 0.032991 -0.005321 8.864238 -0.090964 4.162817
218560200000 0.017560 0.035119 -0.001064 8.811574 -0.083783 4.160422
218565200000 0.015963 0.036716 0.003725 8.857056 -0.107721 4.136485
218570200000 0.015431 0.037248 0.007982 8.921688 -0.107721 4.165210
218575200000 0.015963 0.037248 0.011174 8.952807 -0.098146 4.153241
218580200000 0.015431 0.037248 0.013303 8.988715 -0.093358 4.174785
218585200000 0.015431 0.036716 0.014899 9.010259 -0.122084 4.146060
218590200000 0.014899 0.035652 0.015431 9.043773 -0.124478 4.129303
218595200000 0.014899 0.034587 0.014899 9.115586 -0.196292 4.126909
