737950200000 0.031927 0.035119 0.013303 6.535071 7.265180 -1.058059
737955200000 0.025541 0.035119 0.007982 6.554222 7.174215 -1.110723
737960200000 0.018624 0.035119 0.002661 6.599704 7.107189 -1.117904
737965200000 0.011174 0.034587 -0.002128 6.590128 7.009043 -1.153811
737970200000 0.004789 0.034055 -0.006385 6.570978 6.963561 -1.208869
737975200000 0.000532 0.033523 -0.009046 6.587735 6.889353 -1.228019
737980200000 -0.001064 0.032459 -0.011706 6.587735 6.822327 -1.218444
737985200000 0.000532 0.031927 -0.012771 6.547040 6.846265 -1.208869
737990200000 0.004789 0.031927 -0.013303 6.547040 6.817539 -1.218444
737995200000 0.011174 0.031395 -0.012239 6.535071 6.784026 -1.208869
