1138600200000 0.028734 0.027670 0.026073 9.285546 -1.970096 -1.639752
1138605200000 0.027670 0.026606 0.032459 9.230489 -1.946159 -1.690022
1138610200000 0.026073 0.024477 0.036184 9.173038 -1.929402 -1.737898
1138615200000 0.025009 0.022881 0.039908 9.129949 -1.924614 -1.792955
1138620200000 0.024477 0.021284 0.040973 9.089254 -1.891101 -1.809712
1138625200000 0.025009 0.019688 0.039908 9.089254 -1.888707 -1.792955
1138630200000 0.026606 0.019156 0.036716 9.062922 -1.888707 -1.783380
1138635200000 0.028202 0.018624 0.031927 9.031803 -1.903070 -1.757048
1138640200000 0.030330 0.018624 0.025009 9.106011 -1.915039 -1.649327
1138645200000 0.031395 0.018092 0.017028 9.091648 -1.948552 -1.567938
