349750200000 0.019156 0.043101 -0.007450 7.626643 -6.099400 -0.536211
349755200000 0.017028 0.044697 -0.007982 7.619462 -6.132913 -0.536211
349760200000 0.015431 0.045762 -0.007450 7.621856 -6.152063 -0.555361
349765200000 0.014367 0.046294 -0.006385 7.621856 -6.144882 -0.555361
349770200000 0.014899 0.046294 -0.004257 7.650581 -6.130519 -0.591268
349775200000 0.016495 0.045230 -0.002661 7.595524 -6.092218 -0.605631
349780200000 0.018092 0.043633 -0.000532 7.602705 -6.106581 -0.615206
349785200000 0.020752 0.042037 0.001596 7.602705 -6.092218 -0.605631
349790200000 0.023945 0.039376 0.003193 7.600311 -6.034767 -0.617600
349795200000 0.027138 0.036716 0.004257 7.573980 -6.025192 -0.550574
