329300200000 0.010642 0.022881 -0.020220 9.702067 -0.215442 -0.871343
329305200000 0.006917 0.027138 -0.017560 9.615891 -0.217836 -0.928794
329310200000 0.004789 0.031927 -0.013303 9.524926 -0.265712 -0.986245
329315200000 0.005853 0.036184 -0.008514 9.493807 -0.280074 -1.017365
329320200000 0.009046 0.037780 -0.003725 9.460293 -0.251349 -1.055665
329325200000 0.013303 0.037248 0.000532 9.438749 -0.232198 -1.029333
329330200000 0.018624 0.033523 0.004257 9.431568 -0.157991 -1.050878
329335200000 0.023945 0.027138 0.006917 9.450718 -0.102933 -0.979064
329340200000 0.028202 0.019156 0.006917 9.493807 -0.069420 -0.931188
329345200000 0.031395 0.010642 0.005321 9.532107 -0.021544 -0.849799
