366400200000 0.015963 0.028734 -0.001064 9.319059 2.547002 -0.730109
366405200000 0.018624 0.030330 -0.001064 9.309484 2.539821 -0.710958
366410200000 0.021817 0.031927 -0.001064 9.278364 2.537427 -0.667870
366415200000 0.025541 0.033523 -0.001064 9.275970 2.542214 -0.675051
366420200000 0.029798 0.035119 -0.001596 9.266396 2.587697 -0.689414
366425200000 0.034587 0.036716 -0.001596 9.177825 2.604453 -0.648719
366430200000 0.038312 0.037248 -0.002661 9.220913 2.683449 -0.627175
366435200000 0.040973 0.037248 -0.003193 9.201763 2.657117 -0.598450
366440200000 0.041505 0.036716 -0.004789 9.225701 2.709780 -0.533817
366445200000 0.040441 0.035119 -0.005853 9.271183 2.750475 -0.529030
