717600200000 0.029266 0.053743 0.032991 9.556046 -2.106543 0.780378
717605200000 0.030330 0.055872 0.034055 9.536895 -2.111331 0.792347
717610200000 0.031395 0.057468 0.033523 9.508169 -2.037123 0.792347
717615200000 0.031395 0.059064 0.032991 9.505775 -2.032335 0.797135
717620200000 0.030863 0.059597 0.031927 9.778668 -2.056273 0.801923
717625200000 0.030330 0.060129 0.029798 9.462687 -2.034729 0.835436
717630200000 0.029266 0.060129 0.027138 9.443537 -2.077817 0.825861
717635200000 0.028734 0.059597 0.023945 9.445930 -2.118512 0.813892
717640200000 0.028202 0.059597 0.020752 9.443537 -2.171176 0.830648
717645200000 0.027670 0.059597 0.018624 9.462687 -2.197507 0.864161
