441800200000 0.019156 0.027138 0.003193 7.404020 -6.231059 0.763622
441805200000 0.019688 0.024477 0.000000 7.408808 -6.252603 0.766016
441810200000 0.019688 0.022349 -0.003725 7.406414 -6.269359 0.761228
441815200000 0.019156 0.020752 -0.006917 7.427958 -6.288510 0.730109
441820200000 0.018624 0.019156 -0.010642 7.473440 -6.312448 0.691808
441825200000 0.017560 0.018092 -0.013835 7.461471 -6.357930 0.641538
441830200000 0.017028 0.017560 -0.016495 7.518922 -6.353142 0.631963
441835200000 0.015963 0.017560 -0.018092 7.559617 -6.345961 0.619994
441840200000 0.015963 0.018092 -0.019156 7.564404 -6.365111 0.631963
441845200000 0.015963 0.018624 -0.019156 7.550042 -6.391443 0.636751
