693500200000 0.002661 0.044165 -0.014367 9.089254 -0.732502 -3.178965
693505200000 0.003193 0.044165 -0.011706 9.141918 -0.725321 -3.147846
693510200000 0.003725 0.044697 -0.010110 9.122767 -0.746865 -3.138270
693515200000 0.004789 0.045762 -0.007982 9.158674 -0.775591 -3.143058
693520200000 0.006385 0.046294 -0.006385 9.149099 -0.828254 -3.147846
693525200000 0.007982 0.047890 -0.004789 9.153887 -0.852192 -3.202903
693530200000 0.010110 0.048954 -0.004257 9.170644 -0.821073 -3.164602
693535200000 0.011706 0.049486 -0.003193 9.187400 -0.787560 -3.133483
693540200000 0.013835 0.050019 -0.003193 9.168250 -0.766016 -3.076032
693545200000 0.015431 0.050019 -0.003725 9.137131 -0.720533 -3.111938
