473850200000 0.025541 0.038312 0.014367 9.656585 0.354282 0.450034
473855200000 0.027670 0.036716 0.013303 9.647010 0.390189 0.488335
473860200000 0.029266 0.034587 0.011174 9.678129 0.402158 0.519454
473865200000 0.030863 0.032991 0.007982 9.716430 0.442853 0.562543
473870200000 0.031927 0.031395 0.004789 9.723611 0.466791 0.572118
473875200000 0.032991 0.031395 0.001064 9.749943 0.481154 0.579299
473880200000 0.033523 0.031395 -0.002661 9.764306 0.440459 0.612813
473885200000 0.032991 0.032459 -0.006385 9.783456 0.435671 0.581693
473890200000 0.032991 0.032991 -0.009046 10.104225 0.404552 0.579299
473895200000 0.032459 0.034055 -0.011706 9.771487 0.426096 0.543392
